Períodos	IPC_1	Petroleo_1	Cobre_6	Desempleo_12	IPC
2011-03-01	0,23	89,53	3,50	9,23	0,76
2011-04-01	0,76	102,92	3,76	8,84	0,32
2011-05-01	0,32	109,96	3,84	9,09	0,40
2011-06-01	0,40	101,28	4,15	8,66	0,17
2011-07-01	0,17	96,25	4,33	8,51	0,13
2011-08-01	0,13	97,31	4,48	8,44	0,16
2011-09-01	0,16	86,32	4,32	8,12	0,50
2011-10-01	0,50	85,58	4,30	7,81	0,49
2011-11-01	0,49	86,41	4,05	7,23	0,32
2011-12-01	0,32	97,12	4,10	7,21	0,61
2012-01-01	0,61	98,56	4,36	7,44	0,09
2012-02-01	0,09	100,29	4,10	7,44	0,39
2012-03-01	0,39	102,21	3,77	7,55	0,16
2012-04-01	0,16	106,15	3,33	7,21	0,05
2012-05-01	0,05	103,28	3,43	7,30	0,03
2012-06-01	0,03	94,68	3,43	7,21	-0,30
2012-07-01	-0,30	82,36	3,65	7,55	-0,01
2012-08-01	-0,01	87,90	3,82	7,51	0,22
2012-09-01	0,22	94,11	3,84	7,63	0,77
2012-10-01	0,77	94,51	3,75	7,44	0,56
2012-11-01	0,56	89,52	3,59	7,33	-0,45
2012-12-01	-0,45	86,68	3,37	6,81	-0,03
2013-01-01	-0,03	88,19	3,44	6,85	0,18
2013-02-01	0,18	94,74	3,40	6,53	0,12
2013-03-01	0,12	95,27	3,66	6,80	0,38
2013-04-01	0,38	92,91	3,66	6,76	-0,48
2013-05-01	-0,48	92,02	3,49	6,94	-0,01
2013-06-01	-0,01	94,76	3,61	6,78	0,64
2013-07-01	0,64	95,79	3,65	6,66	0,26
2013-08-01	0,26	104,70	3,66	6,54	0,24
2013-09-01	0,24	106,55	3,48	6,58	0,54
2013-10-01	0,54	106,25	3,27	6,69	0,14
2013-11-01	0,14	100,50	3,28	6,36	0,37
2013-12-01	0,37	93,89	3,18	6,22	0,60
2014-01-01	0,60	97,85	3,13	6,12	0,18
2014-02-01	0,18	94,86	3,26	6,35	0,49
2014-03-01	0,49	100,73	3,25	6,43	0,84
2014-04-01	0,84	100,57	3,26	6,54	0,62
2014-05-01	0,62	102,08	3,21	6,54	0,34
2014-06-01	0,34	101,86	3,27	6,26	0,05
2014-07-01	0,05	105,24	3,31	5,88	0,23
2014-08-01	0,23	102,94	3,24	5,85	0,32
2014-09-01	0,32	96,38	3,02	5,86	0,84
2014-10-01	0,84	93,22	3,03	5,95	1,04
2014-11-01	1,04	84,40	3,12	5,86	0,02
2014-12-01	0,02	75,81	3,09	5,78	-0,41
2015-01-01	-0,41	59,26	3,22	6,23	0,08
2015-02-01	0,08	47,27	3,18	6,18	0,35
2015-03-01	0,35	50,61	3,12	6,50	0,63
2015-04-01	0,63	47,78	3,06	6,14	0,57
2015-05-01	0,57	54,44	3,04	6,32	0,18
2015-06-01	0,18	59,27	2,91	6,52	0,48
2015-07-01	0,48	59,80	2,64	6,59	0,42
2015-08-01	0,42	50,90	2,59	6,83	0,68
2015-09-01	0,68	42,86	2,69	6,76	0,51
2015-10-01	0,51	45,45	2,73	6,56	0,41
2015-11-01	0,41	46,20	2,86	6,21	-0,03
2015-12-01	-0,03	42,70	2,65	6,21	0,01
2016-01-01	0,01	37,23	2,48	6,23	0,47
2016-02-01	0,47	31,54	2,31	6,22	0,28
2016-03-01	0,28	30,39	2,36	6,23	0,38
2016-04-01	0,38	37,77	2,37	6,36	0,33
2016-05-01	0,33	40,96	2,18	6,75	0,22
2016-06-01	0,22	46,73	2,10	6,67	0,45
2016-07-01	0,45	48,75	2,02	6,69	0,24
2016-08-01	0,24	44,69	2,08	6,56	0,05
2016-09-01	0,05	44,75	2,24	6,54	0,24
2016-10-01	0,24	45,20	2,20	6,45	0,17
2016-11-01	0,17	49,89	2,14	6,17	0,05
2016-12-01	0,05	45,57	2,10	5,87	-0,20
2017-01-01	-0,20	52,01	2,20	5,92	0,54
2017-02-01	0,54	52,51	2,16	6,05	0,24
2017-03-01	0,24	53,40	2,14	6,49	0,38
2017-04-01	0,38	49,58	2,15	6,61	0,24
2017-05-01	0,24	51,06	2,47	7,03	0,13
2017-06-01	0,13	48,50	2,57	7,02	-0,39
2017-07-01	-0,39	45,17	2,60	7,27	0,24
2017-08-01	0,24	46,65	2,70	7,07	0,20
2017-09-01	0,20	48,03	2,64	7,03	-0,15
2017-10-01	-0,15	49,83	2,58	6,68	0,59
2017-11-01	0,59	51,56	2,54	6,40	0,09
2017-12-01	0,09	56,65	2,59	6,20	0,15
2018-01-01	0,15	57,94	2,71	6,37	0,46
2018-02-01	0,46	63,67	2,94	6,77	0,04
2018-03-01	0,04	62,17	2,99	7,04	0,20
2018-04-01	0,20	62,76	3,08	7,08	0,32
2018-05-01	0,32	66,32	3,10	7,33	0,28
2018-06-01	0,28	69,98	3,08	7,31	0,10
2018-07-01	0,10	67,52	3,21	7,22	0,35
2018-08-01	0,35	70,84	3,18	6,91	0,17
2018-09-01	0,17	67,99	3,08	7,00	0,34
2018-10-01	0,34	70,21	3,10	6,98	0,37
2018-11-01	0,37	70,75	3,09	6,70	-0,01
2018-12-01	-0,01	56,67	3,15	6,51	-0,10
2019-01-01	-0,10	48,95	2,83	6,83	0,11
2019-02-01	0,11	51,52	2,74	7,01	0,05
2019-03-01	0,05	54,95	2,73	7,38	0,47
2019-04-01	0,47	58,15	2,82	6,99	0,26
2019-05-01	0,26	63,87	2,81	7,38	0,60
2019-06-01	0,60	60,84	2,76	7,51	0,05
2019-07-01	0,05	54,68	2,69	7,85	0,22
2019-08-01	0,22	57,52	2,85	7,72	0,19
2019-09-01	0,19	54,84	2,93	7,47	0,01
2019-10-01	0,01	56,95	2,92	7,41	0,81
2019-11-01	0,81	53,98	2,73	7,31	0,08
2019-12-01	0,08	57,06	2,66	7,15	0,10
2020-01-01	0,10	59,80	2,69	7,13	0,57
2020-02-01	0,57	57,52	2,59	7,03	0,45
2020-03-01	0,45	50,53	2,61	7,24	0,33
2020-04-01	0,33	29,88	2,60	7,10	-0,04
2020-05-01	-0,04	16,52	2,66	7,23	-0,05
2020-06-01	-0,05	28,56	2,75	7,25	-0,07
2020-07-01	-0,07	38,30	2,74	7,55	0,10
2020-08-01	0,10	40,75	2,58	7,57	0,13
2020-09-01	0,13	42,36	2,35	7,34	0,64
2020-10-01	0,64	39,60	2,29	7,14	0,69
2020-11-01	0,69	39,53	2,37	6,96	-0,14
2020-12-01	-0,14	41,10	2,60	7,06	0,34
2021-01-01	0,34	47,05	2,88	7,44	0,70
2021-02-01	0,70	52,10	2,95	7,81	0,19
2021-03-01	0,19	59,06	3,04	8,23	0,38
2021-04-01	0,38	62,35	3,04	9,00	0,38
2021-05-01	0,38	61,71	3,20	11,21	0,27
2021-06-01	0,27	65,18	3,52	12,22	0,08
2021-07-01	0,08	71,38	3,62	13,09	0,81
2021-08-01	0,81	72,46	3,84	12,91	0,36
2021-09-01	0,36	67,73	4,08	12,35	1,18
2021-10-01	1,18	71,56	4,23	11,58	1,34
2021-11-01	1,34	81,32	4,62	10,76	0,50
2021-12-01	0,50	79,18	4,36	10,29	0,78
2022-01-01	0,78	71,53	4,28	10,23	1,20
2022-02-01	1,20	83,12	4,24	10,30	0,29
2022-03-01	0,29	91,74	4,23	10,35	1,85
2022-04-01	1,85	108,49	4,44	10,24	1,40
2022-05-01	1,40	101,78	4,43	10,04	1,20
2022-06-01	1,20	109,60	4,33	9,50	0,93
2022-07-01	0,93	114,59	4,43	8,93	1,37
2022-08-01	1,37	99,85	4,51	8,55	1,21
2022-09-01	1,21	91,57	4,64	8,41	0,86
2022-10-01	0,86	83,87	4,62	8,08	0,52
2022-11-01	0,52	87,26	4,25	7,53	0,98
2022-12-01	0,98	84,78	4,10	7,19	3,28